-0.542000 0.000000 463.030000 364.200000
-0.542999 -0.001053 432.230000 363.430000
-0.542996 -0.002107 401.750000 362.860000
-0.540991 -0.003148 371.640000 362.230000
-0.539984 -0.004190 341.840000 361.780000
-0.539975 -0.005237 312.220000 361.360000
-0.539963 -0.006285 462.790000 331.810000
-0.538950 -0.007319 432.180000 331.430000
-0.539935 -0.008380 401.650000 331.050000
-0.539918 -0.009427 371.610000 330.420000
-0.539898 -0.010475 341.750000 330.290000
-0.539877 -0.011522 312.140000 329.840000
-0.539854 -0.012569 462.790000 299.740000
-0.539828 -0.013616 432.100000 299.420000
-0.538801 -0.014636 401.630000 299.160000
-0.538772 -0.015681 371.540000 298.890000
-0.538740 -0.016727 341.680000 298.640000
-0.538707 -0.017772 311.950000 298.410000
-0.538671 -0.018817 462.780000 267.600000
-0.539633 -0.019898 432.160000 267.540000
-0.540593 -0.020984 401.590000 267.440000
-0.540551 -0.022033 371.520000 267.230000
-0.540507 -0.023081 341.570000 267.200000
-0.541461 -0.024174 311.740000 267.150000
-0.542412 -0.025271 462.840000 235.490000
-0.543360 -0.026372 432.080000 235.490000
-0.544307 -0.027476 401.570000 235.540000
-0.542255 -0.028427 371.430000 235.520000
-0.541201 -0.029425 341.520000 235.550000
-0.540144 -0.030418 311.610000 235.560000
-0.539086 -0.031408 462.880000 203.310000
-0.538026 -0.032393 432.030000 203.510000
-0.537962 -0.033437 401.520000 203.730000
-0.537896 -0.034481 371.390000 203.880000
-0.537828 -0.035524 341.400000 203.920000
-0.537758 -0.036567 311.460000 204.080000
-0.537686 -0.037610 462.920000 171.130000
-0.537612 -0.038653 432.000000 171.450000
-0.537536 -0.039696 401.500000 171.750000
-0.538455 -0.040814 371.290000 172.070000
-0.539372 -0.041936 341.220000 172.360000
-0.540287 -0.043062 311.290000 172.550000
-0.540202 -0.044110 463.170000 138.600000
-0.540116 -0.045158 432.030000 139.140000
-0.539031 -0.046120 401.460000 139.750000
-0.540932 -0.047340 371.140000 140.150000
-0.541836 -0.048478 341.000000 140.600000
-0.541741 -0.049529 310.900000 140.770000
-0.541643 -0.050580 463.420000 105.910000
-0.541544 -0.051631 432.180000 106.500000
-0.539453 -0.052488 401.410000 107.250000
-0.539350 -0.053534 370.880000 108.010000
-0.538250 -0.054479 340.700000 108.600000
-0.537149 -0.055421 310.630000 108.820000
