463.03 364.20
432.23 363.43
401.75 362.86
371.64 362.23
341.84 361.78
312.22 361.36
462.79 331.81
432.18 331.43
401.65 331.05
371.61 330.42
341.75 330.29
312.14 329.84
462.79 299.74
432.10 299.42
401.63 299.16
371.54 298.89
341.68 298.64
311.95 298.41
462.78 267.60
432.16 267.54
401.59 267.44
371.52 267.23
341.57 267.20
311.74 267.15
462.84 235.49
432.08 235.49
401.57 235.54
371.43 235.52
341.52 235.55
311.61 235.56
462.88 203.31
432.03 203.51
401.52 203.73
371.39 203.88
341.40 203.92
311.46 204.08
462.92 171.13
432.00 171.45
401.50 171.75
371.29 172.07
341.22 172.36
311.29 172.55
463.17 138.60
432.03 139.14
401.46 139.75
371.14 140.15
341.00 140.60
310.90 140.77
463.42 105.91
432.18 106.50
401.41 107.25
370.88 108.01
340.70 108.60
310.63 108.82
